101001010110100110100101
100101011010100110010101
100101011010101010010101
100110010110010110011001
100110011001100110011001
100110010110011010011001
010110011010100101011001
010101011010101001010101
010101010110010101010101
010101010110100101010101
011001011010100101100101
100101010110100110010101
100101010110011010010101
100101011001100110010101
101001011010100110100101
101001011010101010100101
101001010110101010100101
100110011010100110011001
100110011010101010011001
101010010110100110101001
101010010110101010101001
101010011001100110101001
101010011010010110101001
101010011010100110101001
101010011010101010101001
101001100101100110100101
100110100110100110011001
100110100110010110011001
100110100110101010011001
101001101001100110100101
101001101001101010100101
101001101010100110100101
101001101010101010100101
101010100101100110101001
101010100101101010101001
101010100110100110101001
101010101010100110101001
101010101010101010101001
101001100101101010100101
101001100110100110100101
101001100110101010100101
100110101010100110011001
100110101010101010011001
100110100101100110011001
100101101010100110010101
100101101001100110010101
010101101010100101010101
010101100101100101010101
010101100101010101010101
010101100101101001010101
010101101010101001010101
100101101001101010010101
100101101010101010010101
100101011010100110011001
011010010110100101100101
011001011010100101101001
011001011010010101101001
011001011010101001101001
011010011010100101100101
011010011010101001100101
100101011001101010011001
100110010110100110010101
100110011010101010010101
101010010101100110100101
101010010110100110100101
101010010110101010100101
101010011001100110100101
101010011001101010100101
101010011010100110100101
101010011010101010100101
100101011010101010011001
100110010110010110010101
011010010110101001100101
011010011001010101100101
011010011001100101100101
011010011001101001100101
011010010101100101100101
011010010101101001100101
011010010110010101100101
011001011001101001101001
011001010110100101101001
011001010101100101101001
010110010110101001010101
010101011010010101011001
010101011010100101011001
010110010110011001010101
011001010110101001101001
100110101010101010010101
101001100110101010101001
100110101010100110010101
101001101010100110101001
101001101010101010101001
101010100110101010100101
101010101001010110100101
101010100101100110100101
100101101010100110011001
100101100110100110011001
100101101001101010011001
011001101010100101101001
011001101010101001101001
010110100110101001010101
010110101010101001010101
010110100101100101010101
010110100101010101010101
010101101001100101011001
010101101010100101011001
010101100110100101011001
010101100110101001011001
010110100101101001010101
100101101010101010011001
100110101001101010010101
101010101001100110100101
101010101001101010100101
101010101010100110100101
101010101010101010100101
101001011001100110010101
101001011001101010010101
101001010101100110010101
101001010101101010010101
101001100101101010010101
100101101010101010100101
100101101010100110100101
100101100110100110100101
100110101010101010101001
011001101010101001010101
011001100110100101010101
101001101001100110010101
101001101010010110010101
101001101010100110010101
101001101010101010010101
101010101010101010011001
101010100101010110011001
011010010110101001010101
101001011010101010011001
101001011010100110011001
100101011010101010101001
101001011001010110011001
101010010101100110010101
101010011001101010010101
101010011010101010010101
011010010101100101010101
011001011010101001011001
011001010110100101011001
011001010110101001011001
011001100110100101011001
011001101001101001011001
100110101010101010100101
101001101010100110011001
100110100110100110100101
100101101010101010101001
011001100110101001011001
011001101010101001011001
011010100110100101010101
011001100101101001011001
010101101010100101101001
010101101010101001101001
010101101001100101101001
010101101001101001101001
010101100110100101101001
011010010110100110101001
011010010110101010101001
011010011010100110101001
011010011010101010101001
100101010110010101010101
011010011001100110100101
011010011001101010100101
011010010110100110100101
011010010110101010100101
011010011010100110100101
011010011010101010100101
010110011001101010010101
010110010110011010010101
011010010101101010100101
011010011010010110100101
011010101010101010100101
010110100101100110010101
010110100101101010010101
010110011010101010101001
010110010110100110101001
010110010110101010101001
010110100101101010101001
010110100110101010101001
010110010110100110100101
011001100110100110011001
011001100110101010011001
100101101010101001101001
